0.9001670264544475
0.9823724618774885
0.05832664429682013
0.006700080913663053
0.20773684591651426
0.8047784425356725
0.04137127106126495
0.9833776352260244
0.8810183164235974
0.8834017342804066
0.89532117114185
0.006261538766043452
0.9659312299757973
0.8767226761099353
0.0949335103746657
0.01895915768449493
0.02604317115763357
0.9449001521104211
0.0181119790288885
0.5881253962719873
0.9724493763803155
0.8340108783761883
0.8925706035164862
0.9531277364576711
0.92755796239975
0.9662960258289831
0.011181481793095933
0.9811735178096455
0.9188385302026403
0.9221598884374829
0.9784390310080414
0.03157736765450396
0.8560800923451785
0.9287296147988959
0.8739604881225997
0.009254605622963657
0.9602942705900058
0.013193666123973694
0.4189240031617865
0.007749732866640191
0.09053413969622916
0.9392509337772396
0.10027999956207398
0.9828538844279806
0.9808554563179598
0.01523066534163632
0.41437714414237703
0.9677239137562063
0.006316750532182131
0.9107603492516783
0.05478605905340665
0.8423728630209752
0.044675839689423326
0.9559413224920159
0.7048420209060041
0.9599111080818975
0.04518570441702562
0.9176580173902515
0.9318562715330073
0.9424428738433354
0.012273655131391828
0.034503396261432354
0.9598890842309764
0.891907701355347
0.015729456089945852
0.005649580745150619
0.9567188536876233
0.9590001040831421
0.009180056653212266
0.01092223549224006
0.8702752279801153
0.9643122862622107
0.024747125155436336
0.835252870411004
0.42153200580699873
0.07228563016567524
0.021266737328873877
0.33550971931977525
0.02290263103063013
0.9693366219482816
0.021556451618795613
0.9358382570994759
0.977805221119072
0.039186686605428823
0.020037189865961917
0.016429053720301786
0.032133530804963166
0.028292840412273035
0.8734298239742743
0.03949112808557116
0.9038740458538803
0.02386730327272147
0.08300828860233556
0.007303513967506144
0.02251667880264939
0.023362197328219286
0.03356933916257398
0.9625852137617306
0.3822632577172122
0.9432318270232771
0.02241205442545096
0.06364317960169774
0.007751695913641711
0.9271203463332701
0.004639808723760634
0.03755999198489986
0.9697933848026213
0.025075149479576578
0.9332885726134754
0.0035282919914733316
0.0034333915229573953
0.9496295719636382
0.021047320941078123
0.9827738177456274
0.9810945414205453
0.007102309066992233
0.014907189148033724
0.00464630522605297
0.9393538844307684
0.9579705064879447
0.007389121248277275
0.9306119127854998
0.022923959898357445
0.9828746962453007
0.04681779461826341
0.9279140412453283
0.9290655406126145
0.013492489679812156
0.02774472623532216
0.9709405787505163
0.9304543188476384
0.040887777390644094
0.006441479691529651
0.6238644659254335
0.8993385722690717
0.8107660898361344
0.007440684714391661
0.8856670503175402
0.865429594556019
0.9616086929407558
0.8722278352871787
0.0214102505622049
0.019806782940811864
0.9592866082758205
0.014900934099283017
0.8926343235255798
0.9436768496111114
0.8795164192279791
0.905289927533645
0.08202700482172023
0.01392779704046415
0.01521963078755684
0.9232462663734055
0.0064695553486521585
0.005236405673516566
0.07191863981788432
0.01665213638907437
0.9767405827553077
0.9376298381165028
0.04647036964725712
0.06405329819429449
0.00940975373809462
0.9209113520931393
0.07026444360971325
0.8778822720416722
0.020637638427247567
0.017929719568441593
0.9460286180375552
0.9246420435565796
0.4410801566461556
0.9539603064280262
0.867268798814986
0.025660347255525993
0.007656039487999268
0.014451060846425678
0.7698339710017631
0.010717421244675469
0.017848587716779333
0.9214673487404964
0.008756874414892367
0.009399962750051982
0.0062705166849170565
0.12062113556484279
0.9717202841838651
0.9575667007400622
0.008233572321486953
0.9579076731976728
0.974877475065086
0.8774842144185168
0.6648055809323586
0.00940216503286878
0.8921672742504708
0.9264194462904644
0.00603085977085142
0.8646164024974643
0.01081585652186817
0.18576132391431324
0.8256885589784522
0.10263698186224944
0.843056189804579
0.03132468617750527
0.96679713416662
0.10661319583421934
0.015072780878900635
0.027722605962863574
0.9461809149439493
0.9406008097421545
0.01017779875006967
0.9568302538133169
0.9504360614213797
0.9367835381173404
0.017644887218666486
0.8235608075586537
0.029995172343179086
0.5111074427522901
0.011161836228090416
0.9626263639495872
0.8137677997685836
0.952969112209856
0.8613084112370459
0.006487094298202918
0.9404374501898303
0.8901518960016951
0.8912046636450802
0.9379981852318104
0.9564404775333876
0.043470669571364424
0.011889717696779656
0.056856028965460055
0.9767511732960715
0.0066983027764233
0.9358196368505661
0.024951618590362237
0.02987696154192835
0.5901607582367323
0.9836305471832265
0.020582924825068644
0.7545385079164478
0.37059462404360755
0.9820330172038267
0.9667996588304584
0.9719855995014055
0.011422218405015401
0.04832909754197061
0.9644376621016901
0.6645135320325455
0.8074866040597473
0.9065399081002055
0.018953990851451597
0.008857382135493256
0.9221815519789078
0.9556744528967175
0.022840353589794405
0.003418319868857866
0.9498644812109964
0.038282282244429526
0.8777655552225833
0.07490286014028409
0.88802036563153
0.9507745750599104
0.010977292422632672
0.8401396757124554
0.7925312374476785
0.013608179986620972
0.886380078328213
0.17203688432577388
0.7733309346294146
0.904640342991299
0.030994597503722122
0.25732428918859235
0.6189840178534556
0.0213837359172945
0.9017674342608992
0.9512770955698291
0.1818682442410662
0.9335765364208789
0.8923080808948988
0.01292018807811101
0.026594795243449036
0.07925960529891699
0.948644976065722
0.8936954085521635
0.03930113976430099
0.22259692768760067
0.9238080456748198
0.03822913169673042
0.9416077094040517
0.9859510325749744
0.053624821182943906
0.9462492108752498
0.9697313110324968
0.010770062724282659
0.8855584714937085
0.02570685093400102
0.21180333091818115
0.005602223642802378
0.014675610135527633
0.9228849692035329
0.9581550938910902
0.973332469071189
0.024153432156811937
0.9827268825833455
0.9069574581977818
0.022077590529259106
0.018882723359547614
0.951846219137253
0.9865402513659548
0.030318428056370344
0.7006070824212869
0.9217930035426998
0.9512607995946828
0.04352679285677224
0.8435878786347208
0.02627751696356098
0.9797219781532697
0.9197750240392258
0.984831825958592
0.6216742890704775
0.0092331177316532
0.9300479058058596
0.005486433769190234
0.9200989999628488
0.9031357929108252
0.45525525789758103
0.950334158907903
0.05531070796809978
0.7527561996649162
0.03801138991333678
0.9815003436011541
0.008055188627174206
0.010721373443539232
0.9130675504433222
0.9505054044334464
0.46980659392258617
0.10342038243194748
0.4949098423446446
0.9485206549095552
0.7062247616124699
0.025603513807448994
0.03224851693579518
0.6434379798491515
0.9746659553122525
0.6997173273722691
0.8658999293860504
0.03364578122498757
0.9828311153349092
0.8912988776768642
0.953413244699502
0.8908486537080043
0.04484934099979215
0.9310574811197174
0.912625437464106
0.9215528784612128
0.9753267462914527
0.07708621275648675
0.8746667935893647
0.9578398452365967
0.08279428993632845
0.9446302244945207
0.9828068568116108
0.5689759466933321
0.014010309671334046
0.9286235332726436
0.09895263748610995
0.5043545357744256
0.006107533487212328
0.014005461582726142
0.890090012542101
0.9212780047880597
0.9536177391088904
0.9138359088989648
0.947068325625515
0.10061663680295346
0.049741951866289116
0.9472951828788385
0.9362384776176269
0.9309012102778058
0.9002171795648667
0.39685314510820874
0.008705329199700724
0.016596332122045237
0.9534217456867803
0.07963265478769277
0.9811805712450921
0.5652394697163834
0.026777510966802438
0.006748689149481843
0.008615135859959903
0.06590988931676428
0.9277244936712691
0.27005172347943274
0.7808583388784246
0.029685193807790534
0.08331493978953915
0.012506894953380096
0.8602745299768488
0.9615721666251579
0.012797758917433502
0.008549489669322861
0.8893268644665305
0.9347262665634714
0.8697207739330092
0.289237252656052
0.09930117417345635
0.9543582381447009
0.07710673987223904
0.01979485339517867
0.006629552870830783
0.9568859776835363
0.5175804953180025
0.9736656689732385
0.012935182188833393
0.4755091110901137
0.15786575999390004
0.31340699779290915
0.03322937477811047
0.07000001570981104
0.7927191735343199
0.953060141282888
0.9832170758264479
0.021848110975528665
0.09168036242764001
0.12037120526406836
0.9525570859731879
0.9454697397072125
0.012238539948846093
0.02739290011421171
0.02855547059964794
0.03427732077724525
0.00796473279454944
0.015168245154826347
0.8402423080821462
0.9228713063021308
0.008245474705618643
0.009940497927394943
0.9291147922372057
0.01824875107386808
0.5699944415028529
0.23061321344146407
0.030149928922463782
0.9184944020973792
0.010384202877593523
0.8287138626557043
0.8609823331969451
0.8936756498553168
0.014474964036461275
0.2385318326344712
0.9436511861078573
0.01991528299776492
0.9496001526332082
0.6045255051604798
0.9154055937833021
0.9795188568665735
0.8369078817966218
0.9598763719293563
0.010923737057406874
0.9027779805777764
0.9489133055476013
0.9296353957745145
0.014626149869814354
0.9560282458174936
0.1023677695694239
0.9561296880833318
0.9681393659957107
0.6741354258086578
0.9843976071436562
0.015317221650589031
0.030438724485519323
0.9505055903310877
0.9027016281980198
0.8959037866491876
0.01633007140474234
0.9843515763285342
0.006115364848060158
0.9787209211398109
0.9680697539165378
0.1676044061157999
0.9766795977415192
0.14387002129446805
0.013488633845662347
0.04684159132572279
0.08861265190544873
0.9309457225000907
0.004560687419781359
0.014469126132714604
0.9618845290556312
0.8923841654484955
0.8824168971616716
0.9144382180309791
0.21731165963785326
0.9146242620549473
0.1929874744644865
0.9568011307012969
0.7012200848753027
0.008990293742227725
0.00564099419279918
0.8143142561085908
0.8301667766157896
0.14723923567421576
0.9732822060139951
0.053716193882741126
0.9061048381740461
0.070254568166716
0.24824505368573896
0.023305681062275405
0.017958119094334153
0.9745856111002035
0.023585647426235302
0.004361213412409403
0.9631754492112553
0.9212793753937197
0.5888884876496594
0.3474209111520583
0.0807525848408215
0.13029971954395686
0.9402459203548134
0.9806034209250815
0.7320911934361678
0.914911671937166
0.6817354658308236
0.07111066482490631
0.07561490230462097
0.9604312006876302
0.006030764465762204
0.6053603206530901
0.050609215483393345
0.9248290955252878
0.388647964691284
0.017537632474161947
0.8440669118497994
0.2995044946421083
0.9751489289252198
0.9054400695877142
0.009705443257110785
0.009379326515233754
0.043212879101390565
0.648057531183565
0.021104798476726198
0.934767518463912
0.947787405606658
0.7964368501932122
0.950976313843999
0.9051875940271142
0.892739548965932
0.9767213500673776
0.9690214694925514
0.5985293984808102
0.31573133626887306
0.049059364649067634
0.8763960443880268
0.17296990127767287
0.18290458551806507
0.01393274159260014
0.8469425365077602
0.8162135099988128
0.8910958960731749
0.007076953917842329
0.9583463891261578
0.9786786825619262
0.9512246063899645
0.04071291034305638
0.9706626945694687
0.8429534406452182
0.6465865190345211
0.22509153354300504
0.8683251434283833
0.7050371656201755
0.00792457144318618
0.8829768178997661
0.1553583655692526
0.021699355272837915
0.9147448378922628
0.23134681797718457
0.021329502441491885
0.14639665388911066
0.9417225016904595
0.9248839474584026
0.8653785661754988
0.052037065948686075
0.0074297705075988246
0.9744228806915276
0.29357439893059784
0.9137788085406474
0.9510985161685499
0.9509946743972908
0.009503087760126386
0.007722403680095899
0.0501244391133563
0.020423631792177113
0.020723903369682172
0.03048373199360441
0.0037976619829642702
0.018592440860441765
0.021042901754773146
0.834731894586208
0.7792715221267177
0.987904315980845
0.7313953795480524
0.15489162384121938
0.9810517380379212
0.6829688890969345
0.9151094081589252
0.9746221663300269
0.916100498128154
0.08357083464903231
0.0035960619723140225
0.13872271685585452
0.008146825300528605
0.04008029619185235
0.8472089282083942
0.02391031979352801
0.8426505902702902
0.1403067446093374
0.01933678053744107
0.060193029429285796
0.8850139493468187
0.7748072980046623
0.004139359777684607
0.9458220727662517
0.3541478727994424
0.013103055059336965
0.8976134614877126
0.9616273422773556
0.8382738756634349
0.9222194550794213
0.1849982605631078
0.9834624969132255
0.9721339163055216
0.95013363389224
0.9301337871204862
0.9789104183907251
0.02161619310791295
0.9492164707261841
0.9535853807855978
0.05543068258161918
0.01707468290238681
0.04185083520302581
0.022875886926759
0.933282395988032
0.9779698258607065
0.9545017555986546
0.972912569132008
0.9650289851723477
0.813035738548749
0.74536341705592
0.8779013940293747
0.011147324261166073
0.9075541650074126
0.9742601374602093
0.030413616132705237
0.9784195570894049
0.9772459222498838
0.003654293260787557
0.9875302099391681
0.014083415524097254
0.04370737491959613
0.8989678291898903
0.04992042797299493
0.970074711337102
0.6860203620507593
0.9635679470623321
0.6769742648106817
0.8696635201289589
0.9682020134516577
0.8447875672793812
0.012073984239759208
0.091822264345386
0.9661860044603727
0.01688522095097593
0.012879514706379536
0.018382994313795586
0.013929502771381446
0.05361185911578262
0.9569498877260341
0.019980908198449075
0.010115150266324126
0.00586556982239505
0.4241886810060955
0.018077800552313766
0.2396336605124816
0.06595486832694741
0.95045290366074
0.815107682794841
0.01547959916742
0.6961600976857775
0.9722081762379515
0.05978791678743033
0.042814632740799295
0.06585476655833344
0.02558350751142253
0.028175509472435845
0.016741903305555864
0.9667470314860958
0.1829425422376789
0.03906316530429758
0.21150019502315423
0.9008723746737755
0.008210011244102871
0.012269677924584343
0.014377235408895466
0.8949575995279565
0.007732627517848578
0.015295468235112646
0.06169663648519228
0.9093714666624336
0.01585186029641029
0.032363688351840565
0.01708624334568586
0.022611004203707454
0.010289211781059302
0.8375684265151978
0.9362097852760263
0.8280037347547026
0.0035458391339795647
0.009113191537654431
0.02223507147396879
0.9419236020396892
0.023680834970683365
0.11706576681300274
0.03674250900274381
0.8715560282937259
0.9860369702302358
0.9264634340539186
0.015080458547798688
0.8859219648847433
0.9526174388117882
0.9688483317860438
0.9785823666933097
0.8643503207881494
0.024291613331598863
0.03487855974662526
0.8716567446123327
0.9740928182422048
0.924888204202137
0.024585958181208054
0.9850291167352897
0.07526560645801168
0.019005709734694624
0.5343875958481676
0.04960736325928642
0.00719229335985204
0.8775802536292705
0.19024284792162593
0.005956465634945416
0.03260824723699036
0.845681942666287
0.9616324006459707
0.9421947392860085
0.013772841875070569
0.9711182824028521
0.92338063491653
0.8004791908488736
0.8923914008222892
0.8892720677866992
0.9659869914729209
0.8663814907130463
0.9595301030014441
0.021289695514276494
0.9068703704092378
0.04476196335766788
0.009121857620037943
0.9783338252116069
0.03732011232807154
0.935736764661567
0.02925166505546252
0.9168647827703222
0.006492763626583927
0.8769202237982398
0.9768279925628905
0.009915667424319131
0.036175390381777486
0.948903813225289
0.8296083010999968
0.011048412974074896
0.03519198937286629
0.006302046485533339
0.927865475861668
0.9125126736728684
0.9071624681478547
0.8147564776502351
0.0061271007656485
0.014564020387712723
0.010721043684848672
0.9453325467298511
0.985251323958656
0.5860879025926365
0.9225572699607051
0.9436691053935066
0.6292230403516293
0.009577642004920736
0.986346566350849
0.2186311167230809
0.025045083050970585
0.973177341535948
0.979768975339442
0.9068284191274184
0.026264249871390862
0.016714341838635592
0.023806688299360113
0.011355404984565083
0.09318817543343275
0.9282884972896667
0.9499856305478126
0.9764124952554245
0.008746051121733794
0.10271160563667109
0.9612330925944738
0.9739405391714735
0.9538530264247755
0.8558738919120263
0.010846593499411573
0.04635942008426925
0.025053795846959038
0.9855458074736152
0.9284912040120683
0.017319995534608303
0.19497231519648653
0.006584590617251102
0.8559725687322215
0.9381846692445904
0.9233176259569177
0.27120171459339387
0.8974006726674669
0.1695736447522527
0.06997945030460791
0.9161050318240627
0.8358282175655181
0.046286230470039505
0.849576880212025
0.004073455225018134
0.9163102764121425
0.9387925257222549
0.00824350148123515
0.9670648097201817
0.9431379885275841
0.045388809399004686
0.061733078297949065
0.838139104983554
0.8602303735553598
0.03144433187922564
0.01367095180339753
0.9821286278974132
0.9482657987922332
0.00927868932841464
0.6173310629983899
0.07790671075484548
0.9394529945875442
0.9470821948947578
0.9434128527987709
0.30041427691822187
0.03240602331691045
0.005776907344177787
0.004447091592012259
0.17209559890926784
0.8148307349504461
0.9160792203903898
0.14354960182626053
0.07673166105498268
0.8062784966823264
0.03050396543522453
0.004926533763942125
0.8703022630620362
0.9330022705141935
0.011485116294577834
0.02878484338245139
0.4346855726597544
0.934835684337566
0.009414364764838356
0.961148450553979
0.01886625471795939
0.981665028798886
0.9548907412725316
0.10743444232228105
0.3285277624221669
0.012682971274597691
0.014964830235479301
0.8573620986238258
0.725200564523266
0.00442742995575504
0.9409369737997978
0.03719058261687244
0.9853598962255108
0.010479072195047564
0.009536538313833878
0.15555769240753045
0.7397149971106106
0.8268163535671501
0.9737549305444894
0.07294702895507567
0.01313893360890963
0.929920210014588
0.9200806585269518
0.9662544278555923
0.012513083970557856
0.9779888269414313
0.9388247577335542
0.22933042405531193
0.5689698285956772
0.015804640650705946
0.06507194010106326
0.11926126185713676
0.9139518570181713
0.9238020881175436
0.865743946061281
0.9161376627718107
0.013404712745128725
0.9871145023276494
0.6728715759625761
0.5655685936038487
0.042288470107629816
0.21184687983111605
0.019810769830327164
0.9797001088538405
0.01870755750968862
0.04898589083293847
0.9384331539260826
0.03349514873199768
0.9445722449622921
0.06795284875564106
0.9316016860182249
0.903425535432402
0.0059625916330425304
0.008372031581025287
0.23254956613675543
0.014052419316950478
0.9549492889260035
0.965341552868136
0.11859734446831958
0.5032167211508389
0.008783546901817313
0.03676716588293473
0.9411585799689539
0.927113281176057
0.01758574817859385
0.9862218608843408
0.5863041310611175
0.2462874406113887
0.7199575648230968
0.021497217068135187
0.9409764458575924
0.22913357984682078
0.8323549942938551
0.00801754438377484
0.006029762289394646
0.8991060902284059
0.014547747291513664
0.10991502281662789
0.9802583862407257
0.9344285591520227
0.9239721260575533
0.9745089045492381
0.012921507695610785
0.00919125500197493
0.2435482777954415
0.024244275375153855
0.08648448467677017
0.009625787972312394
0.9486872663563174
0.025303812292937267
0.09006773849715781
0.012759693323254868
0.973504164965297
0.003460800286227646
0.8961574118635901
0.5796263943893853
0.03278758437375689
0.7165820956610915
0.9869171459626049
0.9884818269154593
0.9036266919437191
0.9409662995210204
0.042044773753920246
0.02328401067114121
0.003829381139841356
0.008464441860841176
0.01713415443199432
0.9177602120435285
0.8515386023114629
0.8975904172113993
0.02423091920561648
0.9004117716471715
0.8587546463380887
0.8029664438600342
0.8885909358414346
0.009301829580151345
0.9329775000739337
0.6595462347985449
0.8577152097776641
0.9256004025489782
0.08334489602048407
0.9782880679541468
0.04898405511678252
0.9329122682449198
0.058111418092823934
0.8884816066619151
0.9688391862040903
0.9543576833069752
0.06319284947351748
0.9248644145088518
0.9687124193235176
