0.8888541292241173
0.9731091392610507
0.06558578992860761
0.011113418547610887
0.21607926493546803
0.8296962970950504
0.04494679584022589
0.9747990302818856
0.8923078005615657
0.8757808884198733
0.9209539749895959
0.011293750969376052
0.959308731873574
0.8732711653056744
0.09168211842557919
0.024459350007050365
0.031416736011933816
0.9364573608626836
0.023125614306883105
0.6459571551799108
0.9626528373895193
0.8661619137515684
0.9194569949533359
0.9424148894713356
0.9158829166140299
0.9555309449591114
0.016526088498108014
0.9715056257949485
0.9392028743821194
0.9154331706813573
0.9686003167663441
0.03710233228641025
0.8444714583801644
0.9264731748395852
0.8696471098738965
0.014045733452390463
0.9551311943015994
0.018212200223207825
0.4394166380109054
0.012138727270997761
0.08924609992317674
0.9301858560767202
0.10694624104278384
0.9734601399676869
0.9711544000039429
0.020800928394370248
0.4360502856248893
0.9575463969026045
0.010631056260305676
0.9012594741027449
0.059533461118757826
0.8737253870215085
0.05037966984219905
0.9540616373699539
0.7524044688601366
0.9485658272026888
0.049747393972470196
0.9190978972662466
0.9207002043183473
0.9465431938402901
0.017426608378167608
0.039682885217317825
0.948518900022168
0.8800756609763533
0.021036467218314408
0.009776731031074333
0.9451236012008969
0.9504338994211228
0.014519119627561666
0.016085927664314607
0.8782380409259806
0.9535958705679928
0.03135021217811735
0.840213086513136
0.44092267911724653
0.07584653521312573
0.026595612923908305
0.34715445414878354
0.02815799618912675
0.9602354938604962
0.02657741042559839
0.9326729480513403
0.9679399516560815
0.03845760970719267
0.025867691679328814
0.022558091429851032
0.03707327012788098
0.03358600868795161
0.8756572898777156
0.04418121223620998
0.9029351205283116
0.028742375587391508
0.09142016779419372
0.01177701358341974
0.02941069105336897
0.02918909740052298
0.0387660796245172
0.9520056440199351
0.4006875974327999
0.9475973349170244
0.027770815542380617
0.07204936860254103
0.012426237173642581
0.9151303051081423
0.00845645312407596
0.04276805266732954
0.9590413238187954
0.030737226520922298
0.9214101187282381
0.0067145801510015484
0.006306798494414279
0.9405053740372474
0.02637690350004497
0.9736725903888132
0.9735495635813916
0.012218764328163685
0.02017523601696916
0.009056403094490972
0.9288552767238507
0.9472417933814334
0.01193386077606519
0.9255453215596806
0.028680781698783832
0.9746809353316204
0.04975897708734435
0.9202258403916562
0.9166410939062448
0.01923903542057981
0.033443433727661565
0.9607834518402476
0.9180624841685753
0.046431534818241506
0.01122736765782169
0.6719829370070005
0.8917714267651954
0.828246679025193
0.01263022012881045
0.9260504757334171
0.8855352209849456
0.9548344213928509
0.8792348713078533
0.02736067553730119
0.025313663858843153
0.9487984515348951
0.020119986422295698
0.8828690705618861
0.9319939819109675
0.8798145616950896
0.9004409723003846
0.08110650368141191
0.018947480226463073
0.02041362696439286
0.9385862150067822
0.011478616508113302
0.00948986239712805
0.0792796982134135
0.021967326700366257
0.9689533376625954
0.9336116785124668
0.05092127476564862
0.07280941844758267
0.014226297144545007
0.9302363390961287
0.06268178606738911
0.8970248937314775
0.026073048146358205
0.023434920697536492
0.9355628059521236
0.9196646418133207
0.4611815794475324
0.9516590673855256
0.8965221879649715
0.03096695929370427
0.012218254128198165
0.020221012414454988
0.786423162355912
0.015735372118968805
0.023258366638638
0.9106845784154998
0.01398716391512292
0.014752443310272503
0.010898290783816827
0.1247944841433871
0.9613415396230542
0.9462742074914827
0.013351892560583037
0.9510029715270006
0.9647887237214879
0.8992406751385763
0.7654404605982711
0.014806960495890517
0.8797409203937967
0.9172932511435156
0.01050100758895237
0.8862418383818224
0.015742040989415496
0.17773023684626071
0.8505262848648949
0.10157361667788203
0.8525745428208077
0.03746130051137467
0.9604997923155258
0.09983717399014062
0.020463071445869497
0.03389290720547297
0.9375228182721135
0.9319815213580949
0.015603394808920798
0.9480877214905321
0.9467929819414821
0.940806948164099
0.02332376604857936
0.83911567719044
0.03529791786284406
0.5240857281450995
0.016774992078238148
0.9531384694862578
0.8437468647598679
0.9413949902165742
0.8602698532356707
0.011242025905903289
0.929926410634186
0.8916953015742259
0.9032954094116419
0.9281534065696035
0.9466560704030033
0.04828785375428573
0.016798950162171745
0.06067057908562927
0.9686464363308576
0.011137927977338057
0.9326899499063105
0.030088056590721782
0.03536002837504393
0.6317934460935378
0.9745158751821009
0.025872322043718428
0.7813078841068547
0.35603682142668563
0.972557372836291
0.9559560930626877
0.9622219505002381
0.016492044360157092
0.0528239823795071
0.9532902649126023
0.692855736231889
0.830541167373432
0.9143674034664988
0.024381074648934804
0.01345980178518001
0.9168337433915176
0.9448630177251177
0.028501396954705906
0.007005837090633077
0.9384745064676223
0.04340945357362632
0.875608765575527
0.0806496899360101
0.9039638101941804
0.9450455440968565
0.016082972224954754
0.8362417153909447
0.8079223767084498
0.017311457466693783
0.9155213789392554
0.14557126304522952
0.7922398435943808
0.8977497001644641
0.03614125963568669
0.268909645233604
0.6311235563047541
0.026891785513641218
0.8996279182119434
0.9400092084218155
0.17207847138767707
0.9279854715126413
0.8934238227306186
0.0181137938704513
0.03182793841666405
0.08023529665224921
0.9504898984970059
0.9045152649140416
0.043618125285744824
0.1881773705826325
0.9134334147772126
0.043233854716525556
0.9350068456956409
0.9778261906126499
0.055572236897168815
0.9495304023795216
0.9623074685516654
0.015797902422951732
0.8761080113169673
0.029798061864329314
0.2166712276980779
0.010480714264888336
0.020255645813416826
0.9113877012461249
0.9468976629748935
0.9643174396418799
0.03000894583593927
0.9734863274014053
0.8969883123902215
0.0276691452094336
0.024554017038047722
0.9447230688715593
0.9774936433732817
0.03658915763240126
0.7360469958330068
0.9092900581541431
0.9406440462306996
0.04417371337598073
0.8425483895469552
0.031208065372950414
0.9699456590316358
0.930844840547106
0.9754733030936851
0.6226359688030033
0.01458404188547215
0.9256113681859687
0.009620314191903572
0.9198051987650362
0.8914767661420419
0.4801997713333544
0.9393994636206293
0.05827679975502859
0.7652916221342674
0.04167696486098341
0.9728028624842749
0.013181866946235537
0.016239901434147268
0.9065403845168829
0.9493862940854436
0.45693317938704103
0.10465715846317
0.53222229891563
0.9367055031904647
0.7523876709196877
0.031081640157626326
0.03659889386016935
0.706724938516897
0.9651459542226513
0.7448254291820373
0.8893496996611451
0.038952840809300546
0.9733302881691238
0.8938286297670437
0.9443316729087506
0.8903612929130573
0.04833763421356629
0.9341418176383662
0.90284631926987
0.9149051488703659
0.9670373374219029
0.0827078965980078
0.9295902854556934
0.9558659348253172
0.0920093026304716
0.9330428826446361
0.9738552332724446
0.5906548130125286
0.019393853823629962
0.9214460880176316
0.09725930160095854
0.5229307775933482
0.011390650271745734
0.019244132182050833
0.8896442350032695
0.9239974370939626
0.9439520451991877
0.9045523783790748
0.9430545724917611
0.09905286034523544
0.05295558422664337
0.9371001733280562
0.9306319097302778
0.9254153608347776
0.9160361034679516
0.4167033328822212
0.013614895846542355
0.02266014862859367
0.9481697256094117
0.08051405835733175
0.9715245230160828
0.5781704232525814
0.03219562966858206
0.010915786325978371
0.013707828121261107
0.06989956954112446
0.9283814300747303
0.2777461675381632
0.7754060216771987
0.037123893383039834
0.082337377461451
0.01827928149738888
0.8515543284411804
0.9554275625996781
0.018605832960787237
0.013282869527025655
0.8865148305440536
0.9227560629178683
0.8838808584588776
0.2940058918680575
0.09572930353182217
0.9431959724797524
0.07288152700438844
0.02627937270360759
0.011775286399779062
0.9460067645574407
0.5642262677761875
0.9635324225261419
0.018253027534048595
0.5169192956384424
0.15106116281027396
0.2977456739924454
0.03826380094423524
0.07129421956674598
0.7934543705080831
0.9437539229974398
0.9737424916181596
0.028312182279378498
0.09126693154866491
0.11980589091773858
0.942223251147283
0.9341883515035457
0.018033616886148067
0.032542246382718666
0.03388198099118203
0.0397423215661848
0.013204988308007221
0.02001670910813012
0.8750784209892001
0.911428171084015
0.013488243788931197
0.014736963713197633
0.9200586578311641
0.023608544041309975
0.581090314204183
0.21785125002656772
0.035432093665112435
0.9060684198709898
0.015907645092024237
0.8422040450538274
0.9066930442383198
0.8811072260444311
0.01980729257950678
0.23859890480873755
0.9316611874841442
0.02529258683740884
0.9580523817037139
0.6496733325462841
0.9081015360668026
0.9706146918182971
0.8646693788768018
0.9514326728850506
0.016104059049952248
0.8930800914784732
0.947636560143143
0.9344780054426112
0.019590052511710865
0.9486752832849457
0.09788440678038596
0.9488412273134141
0.9623860804683861
0.7014237552767884
0.9754651623169821
0.02142499758973934
0.03627115856679472
0.9431564321521805
0.8994275952225381
0.9346178235326154
0.021598342622153516
0.9757297164824219
0.010064966413385357
0.96915849839332
0.9572605755403806
0.1705977502040544
0.9684817731376206
0.1495360442579685
0.019436927072141192
0.05028758394405532
0.09788287719624392
0.9196160767458319
0.007861415382536992
0.019745730474380305
0.9520472352184828
0.8840205270899288
0.8905245802661415
0.9207452343952518
0.22788318659936907
0.9059577979195902
0.1804425148321579
0.9454188162567069
0.7105952657779339
0.014118477142018306
0.009981152804886
0.8026708185891657
0.8295846636735981
0.14218889154088302
0.9648609591362516
0.05661415055855394
0.8937912817964648
0.0717884547694778
0.1721987480022227
0.02908788474082052
0.023500234375522757
0.9654687461141412
0.02866462198512896
0.00916327706822465
0.9580561976622451
0.9268352904401591
0.6473523343022591
0.3635126836531239
0.08045812046982863
0.12469231317046436
0.9336190049350027
0.9710485696787684
0.7737519825364094
0.922343511606631
0.7341315647165523
0.07532800150935187
0.08075423971698507
0.9501821701162615
0.01070086304447018
0.6411357385496707
0.05336267484712985
0.925886677687856
0.401027407469822
0.023184901652135905
0.8548902100003533
0.28725383481737937
0.964911951992424
0.9071759780774493
0.014432596766700188
0.01423689259268074
0.04835051043445138
0.6872753814534551
0.026708570523410507
0.9245602083002109
0.9377911318748632
0.8041223271461
0.9428905502788643
0.8932390661035479
0.8941812926921406
0.9670252546459593
0.9611514003374565
0.6456848284373846
0.30102478979446917
0.05303532622196094
0.869048834112485
0.16367879469184626
0.1728686347841427
0.019904784626972642
0.8690358986839491
0.8303116796253862
0.9013794680541919
0.011455712907856878
0.9483061385415577
0.9694588172283827
0.9439892014981697
0.045768774567797925
0.9616705289610145
0.8316415005823931
0.6933919999138664
0.2114144205987747
0.8578732578086109
0.7286589306543685
0.012555350095299268
0.9172525686653394
0.14858104580367695
0.027213232275092994
0.9151577674769865
0.23221487296675836
0.02676136308484176
0.15424801766106586
0.9335510788454248
0.9224362601906823
0.8530510408852019
0.05557082878264657
0.012559076078261433
0.9660289665360987
0.27633493075541626
0.902725651097751
0.9404174388243287
0.9490394287514182
0.014470472949011739
0.012594043365844262
0.05296698201642027
0.02599902598410693
0.02586350962247758
0.03550382703948728
0.006946891105556985
0.0239409987771012
0.026717953713647477
0.9055254395115526
0.7763702050258705
0.9791639036914476
0.7592110253629465
0.1479093602625882
0.9726859344829067
0.7486698828006114
0.9120553755840024
0.9644659697428829
0.9056098306273719
0.08187148449597982
0.006895184163636766
0.1346099691470517
0.013407342920282016
0.04473696344570206
0.8372752652715231
0.02898605527256795
0.8597741824885721
0.13585254711956185
0.024754588910184023
0.06387941543196086
0.8767683728983361
0.7890747946766541
0.008148262158408906
0.9339168968957983
0.36980068274033506
0.018133455262765535
0.8895131624034103
0.951573912283928
0.854564095600747
0.9281181324472513
0.19281409506242478
0.9744078387452421
0.9622951648849426
0.9382958905620383
0.9179255508668495
0.9702811717035926
0.026689415076243627
0.9430205245785624
0.9450970980460784
0.0613989715331246
0.02226597302148788
0.047099369218868516
0.029692148966383374
0.9267219524845862
0.967976597820757
0.9514687960442048
0.9636266094693355
0.9539393513325761
0.836285652233662
0.7895383208803058
0.8676806120469858
0.01662661335936679
0.911860879856812
0.9642201074751473
0.03757917559784497
0.9695463128856158
0.967542582579141
0.007137798485436565
0.9792113920241085
0.01978407264950791
0.04839276718175777
0.9003254958173866
0.054105793604574466
0.9605485201519555
0.7280977899836081
0.9562985484452599
0.6865635851028468
0.8713765421454867
0.9580680831935582
0.8452979321554364
0.01761857522926346
0.06448648290457935
0.9594521449552147
0.021234887147751312
0.018749679381170083
0.02386365032382776
0.019355352809654832
0.05484813541053146
0.945787316820346
0.02651477712789481
0.015112462919300924
0.01045656602745674
0.44704853060602706
0.02354964320067196
0.24678646626693426
0.06804814302031056
0.9387869372318116
0.8063517530993171
0.021044500539429856
0.749513544343639
0.9624830143489176
0.06313301666944275
0.047976340852194925
0.0680584096236009
0.031143246710362643
0.033808539483555104
0.021990232024808674
0.9571101216310617
0.19084334707242276
0.043733656259416796
0.20742066529429096
0.9150804645897789
0.013392004719953603
0.01763984584737842
0.020296656578256196
0.8993641902519061
0.012313199864436051
0.020711473870035555
0.06465774026657653
0.9004745597827009
0.021196150532062495
0.035157948869574324
0.02240006213975949
0.02853564384812599
0.015810965369400215
0.8436842501117752
0.9304571455883152
0.8259689537259773
0.006448270208481503
0.01438406821175522
0.029126551455162877
0.9297939015701472
0.02902871807618371
0.11748035991463807
0.04000335336501975
0.8786240352139155
0.9771779487713136
0.9318721501457534
0.02028880094291864
0.8849489114671891
0.9549396192948634
0.9581135330135107
0.9687429878210775
0.8534418353247695
0.029484956058562592
0.039332351474896984
0.8614848460776798
0.9637168442027056
0.913098163756736
0.024219787034917797
0.9757193986439557
0.07726861274777902
0.023327248637326152
0.5472776108143977
0.053485300634614985
0.012024761367481738
0.8889583024886539
0.18206211697909178
0.01004715656606255
0.0386304480346204
0.8540834344125133
0.9536871737846015
0.9361891507712012
0.018846902764286657
0.9614288502236161
0.9218734317085128
0.8112642203181876
0.8895739034219337
0.8769750762434501
0.9551163751840884
0.866498560147397
0.9487581101900935
0.026579680444967523
0.920268443513679
0.04960504521386363
0.013984360712629085
0.9687377367364594
0.04162438628157897
0.9250335336248982
0.03433909567941718
0.9334298334083622
0.011304963919382323
0.9064725630835643
0.9675218430139947
0.015237934339793728
0.04174359598786128
0.936972298631972
0.8550968882796953
0.016530776499342374
0.042645992405998666
0.011465631971381167
0.9154540678384159
0.9017699244548766
0.8990963065701661
0.8056521163129503
0.011067327723829692
0.020642594515397013
0.015732645989934117
0.9393803062041042
0.9764731713493356
0.6378786604265244
0.9254206635347034
0.9402420577545754
0.6681512729150394
0.014607915263198937
0.9776572307764934
0.22862479458395416
0.0321565141481569
0.963004197997232
0.9704449777860524
0.8961044868730773
0.03189429792205834
0.022843975509896874
0.029631205287233665
0.016380940693841127
0.08751628204739129
0.927946264043158
0.9440022386293894
0.96641726749201
0.014008043294950989
0.10115387168080157
0.9501868271714218
0.9645024138047742
0.9544826421036032
0.8460395210916773
0.01637596312430932
0.050831939874793675
0.03181146843097397
0.9772060713616821
0.9161522985272966
0.022591964501106714
0.20577102963154675
0.011671640779997178
0.8493335055168021
0.9341916543251684
0.918624187303064
0.28101727597399706
0.8848735724360547
0.1591218580488505
0.07180750965708686
0.918279844647067
0.8433449480791472
0.050821659495768744
0.8500868679410999
0.007872749272690724
0.9042902453753568
0.9370806693493106
0.013214688511582268
0.9589399956321172
0.9329192245190692
0.04971929595968423
0.06356962212629433
0.8665785401203534
0.8491700843256619
0.038992591151725826
0.01895518358400652
0.9731781543666571
0.9407081478699547
0.014256903216268175
0.6318425701710356
0.08099069832926328
0.9359656954180062
0.9394516177137965
0.933514051596368
0.2857915456062458
0.03760260131528595
0.01000408094677105
0.009223004038204212
0.17831784244294402
0.803131300283235
0.9081804043201654
0.12778503273126965
0.07755134061425484
0.8161185319222322
0.03799748408419095
0.009312876934128748
0.858150335284616
0.9268293336260052
0.016337817305523885
0.03343664084963557
0.4206170782038913
0.9249546216468755
0.014147790471043808
0.9528487515955559
0.02455101944680696
0.9723466984736651
0.9440768846868489
0.10490150055951517
0.33522847667039934
0.017866135560511826
0.020296390542684284
0.8501822954290897
0.7659729714481982
0.008148152729826651
0.93788654493709
0.04175937981797661
0.9768185314824677
0.015240106409661018
0.014347709295860146
0.15851098751940387
0.785948530527646
0.8299567225560891
0.965193468378631
0.0746632297194597
0.01857868613239814
0.9262857561920006
0.9084174061788869
0.9564029163911795
0.018279937794541113
0.9701716733544579
0.9374394597549627
0.2159447147973086
0.6100295541854912
0.02113962367742567
0.06796851561478306
0.11570346866608941
0.9268650782883938
0.9139835057259065
0.8585155750851488
0.9131432128361826
0.018130218073644545
0.9793503741167451
0.7224860881351761
0.6173655897432456
0.05025848360598253
0.2008159958915948
0.026455143003399427
0.9699356764542948
0.024212292637765958
0.05683583774651776
0.9384364446945079
0.037161958411479755
0.9366757403055449
0.06969664523988114
0.9192596677371424
0.8961024869394926
0.010478714615186931
0.013081625522317581
0.23181682630123474
0.0199405688581476
0.9452456824339751
0.9542628126205993
0.11583497703906906
0.5371290438791161
0.013566523552377278
0.041361679298995736
0.9382900442869191
0.9347821352546583
0.022884671813299194
0.9782381680841042
0.6468341172037987
0.2463887916287066
0.7525272429725353
0.027174996697826942
0.9372151738656136
0.21468655723222185
0.8545584764470474
0.012874061329828742
0.010600086084742966
0.8866892278498663
0.020274615894351384
0.1178932467085778
0.9705061955139069
0.9248440280373913
0.9127980294340791
0.9641756029203008
0.01800712505782972
0.013934018120347266
0.2292826430904969
0.029845376022440858
0.08571502867150331
0.015045988121048993
0.9391387583199603
0.03063126891308348
0.09155523386995879
0.01852073157241427
0.9632686698299617
0.006589987678279892
0.8931084255192777
0.605742753481572
0.03806344361388465
0.7433223297610718
0.977721176058067
0.9807564882172327
0.9013614204748331
0.9328909003085745
0.04683370570253087
0.028550367176003396
0.007268323839318439
0.013577963537320353
0.023065230708054767
0.9268999669793724
0.8819692412053473
0.919646145114191
0.031274066757701925
0.8883481377974016
0.8777253312830068
0.8241753186306205
0.8789054148415869
0.014311084250353772
0.9238406512580652
0.7025428965924785
0.8672888000415953
0.9135045873954347
0.08382485398996439
0.9689536373054629
0.05364805469707928
0.9218167327747502
0.05987174009214778
0.8913693897210117
0.9580849663711264
0.9451926960171427
0.06564073481981453
0.9144745371423969
0.9582624519978904
